1 1 1
1 2 1
1 3 1
1 4 1
1 5 1
1 6 1
1 7 1
1 8 1
1 9 1
1 10 1
1 11 1
1 12 1
1 13 1
1 14 1
1 15 1
1 16 1
1 17 1
1 18 1
1 19 1
1 20 1
1 21 1
1 22 1
1 23 1
1 24 1
1 25 1
1 26 1
1 27 1
1 28 1
1 29 1
1 30 1
1 31 1
1 32 1
1 33 1
1 34 1
1 35 1
1 36 1
1 37 1
1 38 1
1 39 1
1 40 1
2 1 1
2 2 1
2 3 1
2 4 1
2 5 1
2 6 1
2 7 1
2 8 1
2 9 1
2 10 1
2 11 1
2 12 1
2 13 1
2 14 1
2 15 1
2 16 1
2 17 1
2 18 1
2 19 1
2 20 1
2 21 1
2 22 1
2 23 1
2 24 1
2 25 1
2 26 1
2 27 1
2 28 1
2 29 1
2 30 1
2 31 1
2 32 1
2 33 1
2 34 1
2 35 1
2 36 1
2 37 1
2 38 1
2 39 1
2 40 1
3 1 1
3 2 1
3 3 1
3 4 1
3 5 1
3 6 1
3 7 1
3 8 1
3 9 1
3 10 1
3 11 1
3 12 1
3 13 1
3 14 1
3 15 1
3 16 1
3 17 1
3 18 1
3 19 1
3 20 1
3 21 1
3 22 1
3 23 1
3 24 1
3 25 1
3 26 1
3 27 1
3 28 1
3 29 1
3 30 1
3 31 1
3 32 1
3 33 1
3 34 1
3 35 1
3 36 1
3 37 1
3 38 1
3 39 1
3 40 1
4 1 1
4 2 1
4 3 1
4 4 1
4 5 1
4 6 1
4 7 1
4 8 1
4 9 1
4 10 1
4 11 1
4 12 1
4 13 24
4 14 2
4 15 4
4 16 2
4 17 2
4 18 2
4 19 4
4 20 24
4 21 1
4 22 1
4 23 1
4 24 1
4 25 1
4 26 1
4 27 1
4 28 1
4 29 1
4 30 1
4 31 1
4 32 1
4 33 1
4 34 1
4 35 1
4 36 1
4 37 1
4 38 1
4 39 1
4 40 1
5 1 1
5 2 1
5 3 1
5 4 1
5 5 1
5 6 1
5 7 1
5 8 1
5 9 1
5 10 1
5 11 1
5 12 1
5 13 1
5 14 1
5 15 1
5 16 1
5 17 1
5 18 1
5 19 1
5 20 1
5 21 1
5 22 1
5 23 1
5 24 1
5 25 1
5 26 1
5 27 1
5 28 1
5 29 1
5 30 1
5 31 1
5 32 1
5 33 1
5 34 1
5 35 1
5 36 1
5 37 1
5 38 1
5 39 1
5 40 1
6 1 1
6 2 1
6 3 1
6 4 1
6 5 1
6 6 1
6 7 1
6 8 1
6 9 1
6 10 1
6 11 1
6 12 1
6 13 1
6 14 1
6 15 1
6 16 1
6 17 1
6 18 1
6 19 1
6 20 1
6 21 1
6 22 1
6 23 1
6 24 1
6 25 1
6 26 1
6 27 1
6 28 1
6 29 1
6 30 1
6 31 1
6 32 1
6 33 1
6 34 1
6 35 1
6 36 1
6 37 1
6 38 1
6 39 1
6 40 1
7 1 1
7 2 1
7 3 1
7 4 1
7 5 1
7 6 1
7 7 1
7 8 1
7 9 1
7 10 1
7 11 2
7 12 2
7 13 2
7 14 2
7 15 2
7 16 2
7 17 2
7 18 2
7 19 2
7 20 2
7 21 2
7 22 2
7 23 1
7 24 1
7 25 1
7 26 1
7 27 1
7 28 1
7 29 1
7 30 1
7 31 1
7 32 1
7 33 1
7 34 1
7 35 1
7 36 1
7 37 1
7 38 1
7 39 1
7 40 1
8 1 1
8 2 1
8 3 1
8 4 1
8 5 1
8 6 1
8 7 1
8 8 1
8 9 1
8 10 1
8 11 1
8 12 1
8 13 1
8 14 1
8 15 1
8 16 1
8 17 1
8 18 1
8 19 1
8 20 1
8 21 1
8 22 1
8 23 1
8 24 1
8 25 1
8 26 1
8 27 1
8 28 1
8 29 1
8 30 1
8 31 1
8 32 1
8 33 1
8 34 1
8 35 1
8 36 1
8 37 1
8 38 1
8 39 1
8 40 1
9 1 1
9 2 1
9 3 1
9 4 1
9 5 1
9 6 1
9 7 1
9 8 1
9 9 1
9 10 1
9 11 1
9 12 1
9 13 1
9 14 1
9 15 1
9 16 1
9 17 1
9 18 1
9 19 1
9 20 1
9 21 1
9 22 1
9 23 1
9 24 1
9 25 1
9 26 1
9 27 1
9 28 1
9 29 1
9 30 1
9 31 1
9 32 1
9 33 1
9 34 1
9 35 1
9 36 1
9 37 1
9 38 1
9 39 1
9 40 1
10 1 1
10 2 1
10 3 1
10 4 1
10 5 1
10 6 1
10 7 1
10 8 1
10 9 4
10 10 2
10 11 2
10 12 4
10 13 2
10 14 19
10 15 4
10 16 2
10 17 19
10 18 4
10 19 2
10 20 2
10 21 2
10 22 2
10 23 2
10 24 4
10 25 1
10 26 1
10 27 1
10 28 1
10 29 1
10 30 1
10 31 1
10 32 1
10 33 1
10 34 1
10 35 1
10 36 1
10 37 1
10 38 1
10 39 1
10 40 1
11 1 1
11 2 1
11 3 1
11 4 1
11 5 1
11 6 1
11 7 1
11 8 1
11 9 1
11 10 1
11 11 1
11 12 1
11 13 1
11 14 1
11 15 1
11 16 1
11 17 1
11 18 1
11 19 1
11 20 1
11 21 1
11 22 1
11 23 1
11 24 1
11 25 1
11 26 1
11 27 1
11 28 1
11 29 1
11 30 1
11 31 1
11 32 1
11 33 1
11 34 1
11 35 1
11 36 1
11 37 1
11 38 1
11 39 1
11 40 1
12 1 1
12 2 1
12 3 1
12 4 1
12 5 1
12 6 1
12 7 1
12 8 1
12 9 1
12 10 1
12 11 1
12 12 1
12 13 1
12 14 1
12 15 1
12 16 1
12 17 1
12 18 1
12 19 1
12 20 1
12 21 1
12 22 1
12 23 1
12 24 1
12 25 1
12 26 1
12 27 1
12 28 1
12 29 1
12 30 1
12 31 1
12 32 1
12 33 1
12 34 1
12 35 1
12 36 1
12 37 1
12 38 1
12 39 1
12 40 1
13 1 1
13 2 1
13 3 1
13 4 1
13 5 1
13 6 1
13 7 1
13 8 4
13 9 2
13 10 19
13 11 4
13 12 19
13 13 4
13 14 4
13 15 19
13 16 5
13 17 4
13 18 2
13 19 24
13 20 19
13 21 4
13 22 19
13 23 4
13 24 2
13 25 19
13 26 1
13 27 1
13 28 1
13 29 1
13 30 1
13 31 1
13 32 1
13 33 1
13 34 1
13 35 1
13 36 1
13 37 1
13 38 1
13 39 1
13 40 1
14 1 1
14 2 1
14 3 1
14 4 24
14 5 1
14 6 4
14 7 24
14 8 4
14 9 1
14 10 4
14 11 19
14 12 5
14 13 1
14 14 4
14 15 24
14 16 4
14 17 1
14 18 4
14 19 19
14 20 5
14 21 1
14 22 4
14 23 24
14 24 4
14 25 1
14 26 4
14 27 19
14 28 5
14 29 1
14 30 4
14 31 24
14 32 4
14 33 1
14 34 4
14 35 19
14 36 5
14 37 1
14 38 4
14 39 24
14 40 4
15 1 1
15 2 4
15 3 19
15 4 5
15 5 1
15 6 4
15 7 24
15 8 4
15 9 1
15 10 4
15 11 19
15 12 5
15 13 1
15 14 4
15 15 24
15 16 4
15 17 1
15 18 4
15 19 19
15 20 5
15 21 1
15 22 4
15 23 24
15 24 4
15 25 1
15 26 4
15 27 19
15 28 5
15 29 1
15 30 4
15 31 24
15 32 4
15 33 1
15 34 24
15 35 1
15 36 1
15 37 1
15 38 1
15 39 1
15 40 1
16 1 1
16 2 1
16 3 1
16 4 1
16 5 1
16 6 1
16 7 2
16 8 19
16 9 4
16 10 4
16 11 19
16 12 5
16 13 19
16 14 5
16 15 2
16 16 24
16 17 19
16 18 4
16 19 19
16 20 5
16 21 2
16 22 4
16 23 19
16 24 2
16 25 5
16 26 2
16 27 1
16 28 1
16 29 1
16 30 1
16 31 1
16 32 1
16 33 1
16 34 1
16 35 1
16 36 1
16 37 1
16 38 1
16 39 1
16 40 1
17 1 1
17 2 1
17 3 24
17 4 5
17 5 19
17 6 5
17 7 19
17 8 1
17 9 19
17 10 5
17 11 1
17 12 5
17 13 19
17 14 1
17 15 19
17 16 5
17 17 19
17 18 5
17 19 1
17 20 4
17 21 19
17 22 5
17 23 19
17 24 1
17 25 19
17 26 5
17 27 1
17 28 5
17 29 19
17 30 1
17 31 19
17 32 5
17 33 19
17 34 5
17 35 1
17 36 4
17 37 19
17 38 5
17 39 19
17 40 1
18 1 19
18 2 5
18 3 1
18 4 5
18 5 19
18 6 1
18 7 19
18 8 5
18 9 19
18 10 5
18 11 1
18 12 4
18 13 19
18 14 5
18 15 19
18 16 1
18 17 19
18 18 5
18 19 1
18 20 5
18 21 19
18 22 1
18 23 19
18 24 5
18 25 19
18 26 5
18 27 1
18 28 4
18 29 19
18 30 5
18 31 19
18 32 1
18 33 19
18 34 5
18 35 1
18 36 1
18 37 1
18 38 1
18 39 1
18 40 1
19 1 1
19 2 1
19 3 1
19 4 1
19 5 1
19 6 4
19 7 4
19 8 2
19 9 24
19 10 19
19 11 5
19 12 4
19 13 24
19 14 1
19 15 4
19 16 24
19 17 4
19 18 1
19 19 5
19 20 19
19 21 4
19 22 24
19 23 5
19 24 19
19 25 4
19 26 2
19 27 4
19 28 1
19 29 1
19 30 1
19 31 1
19 32 1
19 33 1
19 34 1
19 35 1
19 36 1
19 37 1
19 38 1
19 39 1
19 40 1
20 1 1
20 2 4
20 3 19
20 4 1
20 5 5
20 6 1
20 7 5
20 8 5
20 9 1
20 10 5
20 11 19
20 12 1
20 13 5
20 14 5
20 15 1
20 16 5
20 17 1
20 18 19
20 19 5
20 20 1
20 21 1
20 22 5
20 23 1
20 24 5
20 25 1
20 26 5
20 27 19
20 28 1
20 29 5
20 30 5
20 31 1
20 32 5
20 33 1
20 34 19
20 35 5
20 36 1
20 37 1
20 38 5
20 39 1
20 40 5
21 1 1
21 2 5
21 3 19
21 4 1
21 5 5
21 6 5
21 7 1
21 8 5
21 9 1
21 10 19
21 11 5
21 12 1
21 13 1
21 14 5
21 15 1
21 16 5
21 17 1
21 18 5
21 19 19
21 20 1
21 21 5
21 22 5
21 23 1
21 24 5
21 25 1
21 26 19
21 27 5
21 28 1
21 29 1
21 30 5
21 31 1
21 32 5
21 33 5
21 34 19
21 35 5
21 36 1
21 37 1
21 38 1
21 39 1
21 40 1
22 1 1
22 2 1
22 3 1
22 4 1
22 5 1
22 6 2
22 7 19
22 8 4
22 9 19
22 10 5
22 11 1
22 12 1
22 13 1
22 14 19
22 15 24
22 16 1
22 17 19
22 18 5
22 19 1
22 20 24
22 21 1
22 22 19
22 23 5
22 24 2
22 25 24
22 26 19
22 27 2
22 28 24
22 29 1
22 30 1
22 31 1
22 32 1
22 33 1
22 34 1
22 35 1
22 36 1
22 37 1
22 38 1
22 39 1
22 40 1
23 1 1
23 2 4
23 3 1
23 4 5
23 5 19
23 6 1
23 7 19
23 8 1
23 9 19
23 10 5
23 11 1
23 12 5
23 13 19
23 14 1
23 15 19
23 16 5
23 17 1
23 18 5
23 19 1
23 20 19
23 21 5
23 22 19
23 23 1
23 24 19
23 25 5
23 26 1
23 27 5
23 28 1
23 29 19
23 30 1
23 31 19
23 32 5
23 33 1
23 34 5
23 35 1
23 36 19
23 37 5
23 38 19
23 39 1
23 40 19
24 1 5
24 2 1
24 3 5
24 4 1
24 5 19
24 6 1
24 7 19
24 8 5
24 9 1
24 10 5
24 11 1
24 12 19
24 13 5
24 14 19
24 15 1
24 16 19
24 17 5
24 18 1
24 19 5
24 20 1
24 21 19
24 22 1
24 23 19
24 24 5
24 25 1
24 26 5
24 27 1
24 28 19
24 29 5
24 30 19
24 31 1
24 32 19
24 33 1
24 34 5
24 35 1
24 36 19
24 37 5
24 38 1
24 39 1
24 40 1
25 1 1
25 2 1
25 3 1
25 4 1
25 5 2
25 6 24
25 7 5
25 8 19
25 9 5
25 10 1
25 11 24
25 12 3
25 13 3
25 14 5
25 15 1
25 16 4
25 17 1
25 18 1
25 19 24
25 20 1
25 21 4
25 22 1
25 23 24
25 24 1
25 25 2
25 26 4
25 27 19
25 28 2
25 29 1
25 30 1
25 31 1
25 32 1
25 33 1
25 34 1
25 35 1
25 36 1
25 37 1
25 38 1
25 39 1
25 40 1
26 1 24
26 2 19
26 3 5
26 4 1
26 5 5
26 6 1
26 7 5
26 8 5
26 9 1
26 10 5
26 11 19
26 12 1
26 13 5
26 14 1
26 15 5
26 16 19
26 17 1
26 18 19
26 19 5
26 20 1
26 21 5
26 22 1
26 23 5
26 24 5
26 25 19
26 26 1
26 27 19
26 28 5
26 29 5
26 30 5
26 31 1
26 32 19
26 33 5
26 34 19
26 35 5
26 36 1
26 37 5
26 38 1
26 39 5
26 40 5
27 1 19
27 2 1
27 3 19
27 4 5
27 5 5
27 6 5
27 7 1
27 8 19
27 9 5
27 10 19
27 11 5
27 12 1
27 13 5
27 14 1
27 15 5
27 16 5
27 17 19
27 18 1
27 19 19
27 20 5
27 21 5
27 22 5
27 23 1
27 24 19
27 25 5
27 26 19
27 27 5
27 28 1
27 29 5
27 30 1
27 31 5
27 32 5
27 33 1
27 34 19
27 35 5
27 36 1
27 37 1
27 38 1
27 39 1
27 40 1
28 1 1
28 2 1
28 3 1
28 4 24
28 5 19
28 6 5
28 7 19
28 8 5
28 9 1
28 10 1
28 11 2
28 12 2
28 13 2
28 14 2
28 15 1
28 16 1
28 17 1
28 18 1
28 19 1
28 20 2
28 21 1
28 22 1
28 23 19
28 24 1
28 25 4
28 26 19
28 27 5
28 28 2
28 29 1
28 30 1
28 31 1
28 32 1
28 33 1
28 34 1
28 35 1
28 36 1
28 37 1
28 38 1
28 39 1
28 40 1
29 1 5
29 2 1
29 3 19
29 4 5
29 5 19
29 6 5
29 7 19
29 8 1
29 9 19
29 10 5
29 11 1
29 12 5
29 13 19
29 14 5
29 15 1
29 16 5
29 17 5
29 18 1
29 19 5
29 20 19
29 21 1
29 22 19
29 23 5
29 24 1
29 25 5
29 26 5
29 27 1
29 28 19
29 29 1
29 30 19
29 31 5
29 32 1
29 33 5
29 34 1
29 35 1
29 36 19
29 37 5
29 38 19
29 39 1
29 40 1
30 1 5
30 2 5
30 3 1
30 4 5
30 5 19
30 6 1
30 7 5
30 8 1
30 9 5
30 10 1
30 11 1
30 12 19
30 13 5
30 14 19
30 15 1
30 16 1
30 17 5
30 18 5
30 19 1
30 20 5
30 21 19
30 22 1
30 23 5
30 24 1
30 25 5
30 26 1
30 27 1
30 28 19
30 29 5
30 30 19
30 31 1
30 32 19
30 33 5
30 34 1
30 35 5
30 36 19
30 37 5
30 38 1
30 39 1
30 40 1
31 1 1
31 2 1
31 3 1
31 4 5
31 5 2
31 6 1
31 7 5
31 8 1
31 9 24
31 10 1
31 11 3
31 12 24
31 13 2
31 14 1
31 15 24
31 16 19
31 17 5
31 18 2
31 19 0
31 20 3
31 21 3
31 22 1
31 23 5
31 24 1
31 25 24
31 26 5
31 27 19
31 28 5
31 29 2
31 30 1
31 31 1
31 32 1
31 33 1
31 34 1
31 35 1
31 36 1
31 37 1
31 38 1
31 39 1
31 40 1
32 1 1
32 2 5
32 3 1
32 4 5
32 5 1
32 6 1
32 7 5
32 8 1
32 9 5
32 10 1
32 11 19
32 12 5
32 13 1
32 14 1
32 15 19
32 16 1
32 17 19
32 18 5
32 19 1
32 20 5
32 21 5
32 22 1
32 23 19
32 24 5
32 25 19
32 26 1
32 27 5
32 28 1
32 29 5
32 30 1
32 31 5
32 32 19
32 33 1
32 34 5
32 35 19
32 36 5
32 37 1
32 38 5
32 39 19
32 40 5
33 1 19
33 2 1
33 3 19
33 4 1
33 5 5
33 6 1
33 7 19
33 8 5
33 9 19
33 10 5
33 11 1
33 12 5
33 13 1
33 14 5
33 15 19
33 16 5
33 17 19
33 18 1
33 19 19
33 20 1
33 21 5
33 22 1
33 23 19
33 24 5
33 25 19
33 26 5
33 27 1
33 28 5
33 29 1
33 30 5
33 31 1
33 32 5
33 33 1
33 34 19
33 35 5
33 36 1
33 37 1
33 38 1
33 39 1
33 40 1
34 1 1
34 2 1
34 3 1
34 4 19
34 5 4
34 6 19
34 7 4
34 8 19
34 9 1
34 10 1
34 11 2
34 12 3
34 13 2
34 14 1
34 15 2
34 16 3
34 17 2
34 18 3
34 19 2
34 20 1
34 21 2
34 22 3
34 23 2
34 24 19
34 25 1
34 26 5
34 27 4
34 28 19
34 29 5
34 30 1
34 31 1
34 32 1
34 33 1
34 34 1
34 35 1
34 36 1
34 37 1
34 38 1
34 39 1
34 40 1
35 1 19
35 2 5
35 3 19
35 4 1
35 5 19
35 6 5
35 7 19
35 8 5
35 9 19
35 10 5
35 11 1
35 12 5
35 13 19
35 14 5
35 15 5
35 16 1
35 17 5
35 18 19
35 19 1
35 20 19
35 21 1
35 22 5
35 23 1
35 24 1
35 25 5
35 26 19
35 27 1
35 28 5
35 29 19
35 30 5
35 31 1
35 32 5
35 33 19
35 34 5
35 35 1
35 36 5
35 37 1
35 38 5
35 39 1
35 40 1
36 1 5
36 2 5
36 3 1
36 4 5
36 5 19
36 6 5
36 7 1
36 8 5
36 9 1
36 10 19
36 11 5
36 12 19
36 13 1
36 14 5
36 15 1
36 16 5
36 17 1
36 18 5
36 19 5
36 20 1
36 21 19
36 22 5
36 23 1
36 24 5
36 25 1
36 26 19
36 27 5
36 28 19
36 29 1
36 30 19
36 31 5
36 32 19
36 33 5
36 34 1
36 35 5
36 36 19
36 37 5
36 38 1
36 39 1
36 40 1
37 1 1
37 2 1
37 3 24
37 4 5
37 5 19
37 6 5
37 7 24
37 8 5
37 9 1
37 10 1
37 11 1
37 12 0
37 13 1
37 14 1
37 15 2
37 16 2
37 17 1
37 18 1
37 19 1
37 20 3
37 21 3
37 22 3
37 23 3
37 24 1
37 25 24
37 26 19
37 27 5
37 28 19
37 29 5
37 30 19
37 31 1
37 32 1
37 33 1
37 34 1
37 35 1
37 36 1
37 37 1
37 38 1
37 39 1
37 40 1
38 1 5
38 2 1
38 3 5
38 4 5
38 5 1
38 6 5
38 7 1
38 8 1
38 9 5
38 10 1
38 11 19
38 12 1
38 13 5
38 14 1
38 15 19
38 16 5
38 17 1
38 18 5
38 19 1
38 20 5
38 21 19
38 22 5
38 23 19
38 24 5
38 25 1
38 26 5
38 27 19
38 28 5
38 29 1
38 30 19
38 31 5
38 32 1
38 33 1
38 34 5
38 35 19
38 36 1
38 37 19
38 38 5
38 39 19
38 40 5
39 1 19
39 2 1
39 3 19
39 4 5
39 5 1
39 6 5
39 7 19
39 8 1
39 9 5
39 10 1
39 11 5
39 12 1
39 13 5
39 14 19
39 15 1
39 16 19
39 17 5
39 18 19
39 19 1
39 20 5
39 21 1
39 22 5
39 23 19
39 24 1
39 25 5
39 26 1
39 27 5
39 28 1
39 29 5
39 30 5
39 31 1
39 32 5
39 33 1
39 34 19
39 35 5
39 36 1
39 37 1
39 38 1
39 39 1
39 40 1
40 1 1
40 2 1
40 3 1
40 4 2
40 5 4
40 6 19
40 7 5
40 8 1
40 9 1
40 10 1
40 11 2
40 12 2
40 13 2
40 14 14
40 15 0
40 16 1
40 17 1
40 18 1
40 19 19
40 20 3
40 21 1
40 22 3
40 23 2
40 24 1
40 25 1
40 26 5
40 27 1
40 28 2
40 29 4
40 30 4
40 31 1
40 32 1
40 33 1
40 34 1
40 35 1
40 36 1
40 37 1
40 38 1
40 39 1
40 40 1
41 1 1
41 2 19
41 3 1
41 4 19
41 5 5
41 6 19
41 7 5
41 8 19
41 9 1
41 10 5
41 11 5
41 12 1
41 13 19
41 14 5
41 15 1
41 16 5
41 17 19
41 18 1
41 19 2
41 20 1
41 21 5
41 22 1
41 23 5
41 24 1
41 25 19
41 26 5
41 27 1
41 28 1
41 29 5
41 30 1
41 31 19
41 32 5
41 33 19
41 34 1
41 35 5
41 36 5
41 37 1
41 38 5
41 39 1
41 40 1
42 1 5
42 2 5
42 3 1
42 4 5
42 5 19
42 6 1
42 7 5
42 8 19
42 9 1
42 10 19
42 11 5
42 12 19
42 13 1
42 14 5
42 15 5
42 16 1
42 17 5
42 18 1
42 19 5
42 20 19
42 21 5
42 22 19
42 23 5
42 24 1
42 25 19
42 26 5
42 27 19
42 28 1
42 29 19
42 30 1
42 31 19
42 32 5
42 33 1
42 34 5
42 35 1
42 36 2
42 37 1
42 38 1
42 39 1
42 40 1
43 1 1
43 2 1
43 3 4
43 4 19
43 5 5
43 6 1
43 7 1
43 8 1
43 9 19
43 10 2
43 11 4
43 12 1
43 13 0
43 14 4
43 15 2
43 16 3
43 17 1
43 18 1
43 19 0
43 20 1
43 21 1
43 22 2
43 23 2
43 24 1
43 25 24
43 26 19
43 27 5
43 28 19
43 29 5
43 30 19
43 31 1
43 32 1
43 33 1
43 34 1
43 35 1
43 36 4
43 37 19
43 38 5
43 39 1
43 40 1
44 1 5
44 2 5
44 3 5
44 4 1
44 5 1
44 6 5
44 7 1
44 8 5
44 9 19
44 10 1
44 11 19
44 12 5
44 13 1
44 14 5
44 15 19
44 16 1
44 17 5
44 18 1
44 19 1
44 20 19
44 21 5
44 22 19
44 23 1
44 24 5
44 25 1
44 26 5
44 27 19
44 28 5
44 29 19
44 30 5
44 31 1
44 32 5
44 33 1
44 34 5
44 35 19
44 36 1
44 37 19
44 38 1
44 39 2
44 40 1
45 1 19
45 2 1
45 3 19
45 4 5
45 5 1
45 6 5
45 7 1
45 8 5
45 9 5
45 10 1
45 11 5
45 12 1
45 13 5
45 14 19
45 15 1
45 16 19
45 17 5
45 18 19
45 19 1
45 20 5
45 21 1
45 22 1
45 23 5
45 24 1
45 25 5
45 26 1
45 27 5
45 28 5
45 29 1
45 30 5
45 31 1
45 32 5
45 33 19
45 34 1
45 35 19
45 36 1
45 37 5
45 38 1
45 39 1
45 40 1
46 1 1
46 2 1
46 3 1
46 4 2
46 5 1
46 6 4
46 7 19
46 8 5
46 9 3
46 10 2
46 11 1
46 12 2
46 13 3
46 14 2
46 15 3
46 16 1
46 17 1
46 18 2
46 19 31
46 20 1
46 21 1
46 22 4
46 23 2
46 24 1
46 25 24
46 26 1
46 27 5
46 28 19
46 29 5
46 30 5
46 31 1
46 32 1
46 33 1
46 34 1
46 35 1
46 36 1
46 37 1
46 38 5
46 39 19
46 40 5
47 1 19
47 2 1
47 3 19
47 4 5
47 5 19
47 6 1
47 7 19
47 8 5
47 9 1
47 10 5
47 11 1
47 12 5
47 13 19
47 14 1
47 15 5
47 16 1
47 17 19
47 18 5
47 19 1
47 20 1
47 21 1
47 22 1
47 23 1
47 24 1
47 25 1
47 26 1
47 27 1
47 28 1
47 29 1
47 30 5
47 31 1
47 32 19
47 33 1
47 34 1
47 35 1
47 36 5
47 37 2
47 38 1
47 39 1
47 40 5
48 1 1
48 2 5
48 3 1
48 4 1
48 5 1
48 6 1
48 7 1
48 8 1
48 9 1
48 10 1
48 11 1
48 12 1
48 13 1
48 14 5
48 15 5
48 16 1
48 17 1
48 18 5
48 19 19
48 20 1
48 21 5
48 22 19
48 23 5
48 24 19
48 25 1
48 26 19
48 27 1
48 28 19
48 29 5
48 30 19
48 31 5
48 32 1
48 33 5
48 34 5
48 35 1
48 36 5
48 37 19
48 38 1
48 39 1
48 40 1
49 1 1
49 2 1
49 3 1
49 4 4
49 5 19
49 6 1
49 7 2
49 8 0
49 9 24
49 10 1
49 11 2
49 12 19
49 13 4
49 14 2
49 15 1
49 16 1
49 17 1
49 18 1
49 19 3
49 20 1
49 21 1
49 22 2
49 23 2
49 24 24
49 25 19
49 26 5
49 27 19
49 28 5
49 29 2
49 30 19
49 31 1
49 32 1
49 33 1
49 34 1
49 35 1
49 36 1
49 37 1
49 38 4
49 39 1
49 40 5
50 1 1
50 2 5
50 3 1
50 4 5
50 5 1
50 6 5
50 7 1
50 8 5
50 9 19
50 10 5
50 11 19
50 12 1
50 13 5
50 14 1
50 15 19
50 16 5
50 17 1
50 18 2
50 19 3
50 20 12
50 21 3
50 22 3
50 23 3
50 24 14
50 25 3
50 26 13
50 27 3
50 28 14
50 29 2
50 30 1
50 31 2
50 32 2
50 33 10
50 34 14
50 35 12
50 36 2
50 37 14
50 38 5
50 39 13
50 40 19
51 1 1
51 2 5
51 3 3
51 4 14
51 5 3
51 6 14
51 7 3
51 8 14
51 9 3
51 10 14
51 11 3
51 12 14
51 13 12
51 14 1
51 15 3
51 16 14
51 17 1
51 18 5
51 19 14
51 20 12
51 21 1
51 22 1
51 23 3
51 24 13
51 25 5
51 26 5
51 27 1
51 28 5
51 29 1
51 30 5
51 31 1
51 32 19
51 33 1
51 34 19
51 35 5
51 36 1
51 37 1
51 38 1
51 39 1
51 40 1
52 1 1
52 2 1
52 3 24
52 4 19
52 5 5
52 6 5
52 7 19
52 8 5
52 9 1
52 10 1
52 11 3
52 12 1
52 13 2
52 14 2
52 15 1
52 16 1
52 17 1
52 18 1
52 19 2
52 20 3
52 21 3
52 22 0
52 23 2
52 24 1
52 25 24
52 26 5
52 27 4
52 28 19
52 29 5
52 30 24
52 31 1
52 32 1
52 33 1
52 34 1
52 35 1
52 36 1
52 37 1
52 38 19
52 39 5
52 40 19
53 1 1
53 2 19
53 3 5
53 4 19
53 5 5
53 6 19
53 7 5
53 8 1
53 9 1
53 10 5
53 11 1
53 12 5
53 13 19
53 14 5
53 15 1
53 16 5
53 17 1
53 18 2
53 19 2
53 20 2
53 21 5
53 22 2
53 23 5
53 24 2
53 25 1
53 26 10
53 27 0
53 28 14
53 29 1
53 30 2
53 31 12
53 32 3
53 33 14
53 34 5
53 35 19
53 36 6
53 37 14
53 38 5
53 39 31
53 40 14
54 1 2
54 2 1
54 3 2
54 4 1
54 5 5
54 6 1
54 7 10
54 8 14
54 9 1
54 10 5
54 11 1
54 12 5
54 13 19
54 14 5
54 15 4
54 16 0
54 17 16
54 18 1
54 19 5
54 20 14
54 21 1
54 22 10
54 23 14
54 24 1
54 25 1
54 26 19
54 27 5
54 28 19
54 29 1
54 30 19
54 31 5
54 32 5
54 33 1
54 34 5
54 35 19
54 36 5
54 37 1
54 38 1
54 39 1
54 40 1
55 1 1
55 2 1
55 3 1
55 4 5
55 5 19
55 6 5
55 7 1
55 8 1
55 9 1
55 10 1
55 11 3
55 12 24
55 13 2
55 14 2
55 15 1
55 16 1
55 17 1
55 18 1
55 19 1
55 20 24
55 21 3
55 22 2
55 23 1
55 24 24
55 25 19
55 26 5
55 27 19
55 28 5
55 29 2
55 30 1
55 31 1
55 32 1
55 33 1
55 34 1
55 35 1
55 36 1
55 37 1
55 38 1
55 39 1
55 40 5
56 1 5
56 2 1
56 3 5
56 4 1
56 5 1
56 6 5
56 7 1
56 8 19
56 9 5
56 10 19
56 11 5
56 12 1
56 13 2
56 14 2
56 15 2
56 16 1
56 17 19
56 18 1
56 19 1
56 20 1
56 21 1
56 22 1
56 23 1
56 24 1
56 25 2
56 26 0
56 27 13
56 28 1
56 29 5
56 30 1
56 31 1
56 32 25
56 33 3
56 34 1
56 35 1
56 36 25
56 37 14
56 38 1
56 39 1
56 40 1
57 1 1
57 2 5
57 3 1
57 4 0
57 5 3
57 6 14
57 7 0
57 8 0
57 9 3
57 10 0
57 11 0
57 12 13
57 13 1
57 14 1
57 15 1
57 16 1
57 17 1
57 18 30
57 19 0
57 20 3
57 21 0
57 22 3
57 23 0
57 24 0
57 25 2
57 26 1
57 27 1
57 28 5
57 29 5
57 30 1
57 31 1
57 32 19
57 33 5
57 34 1
57 35 5
57 36 19
57 37 1
57 38 1
57 39 1
57 40 1
58 1 1
58 2 1
58 3 1
58 4 2
58 5 4
58 6 19
58 7 5
58 8 19
58 9 1
58 10 1
58 11 3
58 12 2
58 13 2
58 14 2
58 15 1
58 16 24
58 17 1
58 18 24
58 19 1
58 20 1
58 21 1
58 22 24
58 23 1
58 24 24
58 25 1
58 26 2
58 27 5
58 28 19
58 29 5
58 30 1
58 31 1
58 32 1
58 33 1
58 34 1
58 35 1
58 36 1
58 37 1
58 38 1
58 39 1
58 40 1
59 1 19
59 2 5
59 3 19
59 4 5
59 5 19
59 6 1
59 7 5
59 8 1
59 9 5
59 10 1
59 11 1
59 12 12
59 13 0
59 14 0
59 15 0
59 16 13
59 17 1
59 18 5
59 19 1
59 20 2
59 21 1
59 22 2
59 23 1
59 24 31
59 25 0
59 26 2
59 27 24
59 28 24
59 29 1
59 30 3
59 31 0
59 32 3
59 33 0
59 34 14
59 35 3
59 36 0
59 37 0
59 38 3
59 39 0
59 40 3
60 1 14
60 2 2
60 3 24
60 4 3
60 5 2
60 6 1
60 7 6
60 8 3
60 9 1
60 10 1
60 11 7
60 12 13
60 13 1
60 14 31
60 15 3
60 16 13
60 17 1
60 18 31
60 19 2
60 20 1
60 21 1
60 22 1
60 23 1
60 24 31
60 25 16
60 26 1
60 27 5
60 28 19
60 29 1
60 30 2
60 31 1
60 32 5
60 33 19
60 34 1
60 35 5
60 36 1
60 37 5
60 38 1
60 39 1
60 40 1
61 1 1
61 2 1
61 3 1
61 4 1
61 5 19
61 6 5
61 7 5
61 8 4
61 9 1
61 10 1
61 11 3
61 12 0
61 13 0
61 14 1
61 15 24
61 16 1
61 17 24
61 18 19
61 19 24
61 20 24
61 21 1
61 22 19
61 23 24
61 24 19
61 25 5
61 26 19
61 27 5
61 28 2
61 29 1
61 30 1
61 31 1
61 32 1
61 33 1
61 34 1
61 35 1
61 36 1
61 37 1
61 38 1
61 39 1
61 40 1
62 1 1
62 2 5
62 3 1
62 4 1
62 5 5
62 6 19
62 7 5
62 8 19
62 9 1
62 10 2
62 11 1
62 12 2
62 13 1
62 14 1
62 15 5
62 16 0
62 17 19
62 18 1
62 19 5
62 20 1
62 21 19
62 22 1
62 23 7
62 24 0
62 25 19
62 26 1
62 27 1
62 28 19
62 29 5
62 30 1
62 31 1
62 32 6
62 33 3
62 34 1
62 35 5
62 36 24
62 37 14
62 38 1
62 39 1
62 40 5
63 1 1
63 2 1
63 3 4
63 4 0
63 5 2
63 6 2
63 7 31
63 8 0
63 9 2
63 10 2
63 11 3
63 12 3
63 13 1
63 14 1
63 15 25
63 16 0
63 17 1
63 18 31
63 19 13
63 20 1
63 21 24
63 22 1
63 23 4
63 24 31
63 25 2
63 26 1
63 27 5
63 28 1
63 29 5
63 30 1
63 31 19
63 32 1
63 33 5
63 34 1
63 35 19
63 36 5
63 37 19
63 38 1
63 39 1
63 40 1
64 1 1
64 2 1
64 3 1
64 4 1
64 5 5
64 6 19
64 7 5
64 8 19
64 9 4
64 10 1
64 11 1
64 12 3
64 13 2
64 14 1
64 15 24
64 16 19
64 17 1
64 18 5
64 19 1
64 20 19
64 21 5
64 22 1
64 23 5
64 24 5
64 25 19
64 26 5
64 27 2
64 28 19
64 29 1
64 30 1
64 31 1
64 32 1
64 33 1
64 34 1
64 35 1
64 36 1
64 37 1
64 38 1
64 39 1
64 40 1
65 1 5
65 2 19
65 3 5
65 4 19
65 5 1
65 6 5
65 7 1
65 8 5
65 9 1
65 10 1
65 11 5
65 12 1
65 13 2
65 14 3
65 15 0
65 16 14
65 17 2
65 18 1
65 19 19
65 20 5
65 21 1
65 22 1
65 23 6
65 24 0
65 25 1
65 26 5
65 27 5
65 28 1
65 29 5
65 30 1
65 31 1
65 32 31
65 33 3
65 34 31
65 35 14
65 36 2
65 37 3
65 38 5
65 39 6
65 40 0
66 1 2
66 2 1
66 3 24
66 4 0
66 5 2
66 6 2
66 7 31
66 8 14
66 9 2
66 10 2
66 11 31
66 12 13
66 13 1
66 14 1
66 15 25
66 16 14
66 17 1
66 18 31
66 19 13
66 20 24
66 21 2
66 22 19
66 23 5
66 24 3
66 25 13
66 26 1
66 27 19
66 28 5
66 29 19
66 30 1
66 31 5
66 32 5
66 33 19
66 34 5
66 35 1
66 36 5
66 37 1
66 38 1
66 39 1
66 40 1
67 1 1
67 2 1
67 3 1
67 4 1
67 5 1
67 6 2
67 7 4
67 8 19
67 9 5
67 10 19
67 11 1
67 12 1
67 13 24
67 14 1
67 15 19
67 16 5
67 17 4
67 18 19
67 19 5
67 20 24
67 21 5
67 22 19
67 23 5
67 24 19
67 25 5
67 26 2
67 27 5
67 28 1
67 29 1
67 30 1
67 31 1
67 32 1
67 33 1
67 34 1
67 35 1
67 36 1
67 37 1
67 38 1
67 39 1
67 40 1
68 1 1
68 2 5
68 3 1
68 4 5
68 5 1
68 6 19
68 7 5
68 8 19
68 9 5
68 10 19
68 11 1
68 12 0
68 13 3
68 14 12
68 15 31
68 16 0
68 17 1
68 18 5
68 19 1
68 20 5
68 21 19
68 22 5
68 23 6
68 24 14
68 25 19
68 26 1
68 27 19
68 28 5
68 29 1
68 30 31
68 31 3
68 32 3
68 33 0
68 34 19
68 35 1
68 36 24
68 37 31
68 38 0
68 39 14
68 40 2
69 1 1
69 2 5
69 3 2
69 4 3
69 5 2
69 6 1
69 7 10
69 8 14
69 9 5
69 10 19
69 11 31
69 12 3
69 13 19
69 14 24
69 15 25
69 16 14
69 17 1
69 18 30
69 19 3
69 20 0
69 21 3
69 22 0
69 23 14
69 24 31
69 25 2
69 26 1
69 27 5
69 28 1
69 29 5
69 30 1
69 31 19
69 32 1
69 33 5
69 34 1
69 35 19
69 36 5
69 37 1
69 38 1
69 39 1
69 40 1
70 1 1
70 2 1
70 3 1
70 4 1
70 5 1
70 6 1
70 7 2
70 8 5
70 9 19
70 10 5
70 11 4
70 12 19
70 13 24
70 14 4
70 15 4
70 16 19
70 17 5
70 18 24
70 19 19
70 20 5
70 21 19
70 22 5
70 23 19
70 24 5
70 25 2
70 26 19
70 27 5
70 28 1
70 29 1
70 30 1
70 31 1
70 32 1
70 33 1
70 34 1
70 35 1
70 36 1
70 37 1
70 38 1
70 39 1
70 40 1
71 1 19
71 2 5
71 3 19
71 4 1
71 5 5
71 6 1
71 7 5
71 8 1
71 9 1
71 10 5
71 11 5
71 12 0
71 13 19
71 14 1
71 15 25
71 16 0
71 17 19
71 18 1
71 19 5
71 20 19
71 21 1
71 22 1
71 23 6
71 24 0
71 25 1
71 26 5
71 27 1
71 28 19
71 29 1
71 30 2
71 31 1
71 32 2
71 33 3
71 34 1
71 35 1
71 36 5
71 37 0
71 38 3
71 39 19
71 40 5
72 1 14
72 2 2
72 3 3
72 4 0
72 5 3
72 6 3
72 7 3
72 8 3
72 9 3
72 10 3
72 11 3
72 12 0
72 13 13
72 14 19
72 15 6
72 16 0
72 17 1
72 18 1
72 19 24
72 20 0
72 21 1
72 22 31
72 23 2
72 24 5
72 25 19
72 26 1
72 27 5
72 28 19
72 29 1
72 30 5
72 31 5
72 32 1
72 33 19
72 34 5
72 35 1
72 36 19
72 37 5
72 38 1
72 39 1
72 40 1
73 1 1
73 2 1
73 3 1
73 4 1
73 5 1
73 6 1
73 7 1
73 8 2
73 9 5
73 10 19
73 11 5
73 12 5
73 13 19
73 14 5
73 15 19
73 16 5
73 17 1
73 18 2
73 19 5
73 20 19
73 21 5
73 22 2
73 23 5
73 24 19
73 25 5
73 26 5
73 27 1
73 28 1
73 29 1
73 30 1
73 31 1
73 32 1
73 33 1
73 34 1
73 35 1
73 36 1
73 37 1
73 38 1
73 39 1
73 40 1
74 1 5
74 2 1
74 3 5
74 4 19
74 5 5
74 6 19
74 7 1
74 8 2
74 9 1
74 10 19
74 11 1
74 12 0
74 13 0
74 14 0
74 15 3
74 16 0
74 17 19
74 18 5
74 19 1
74 20 1
74 21 1
74 22 1
74 23 6
74 24 14
74 25 19
74 26 1
74 27 5
74 28 5
74 29 1
74 30 1
74 31 1
74 32 25
74 33 14
74 34 5
74 35 3
74 36 3
74 37 2
74 38 0
74 39 2
74 40 4
75 1 3
75 2 1
75 3 24
75 4 3
75 5 19
75 6 1
75 7 1
75 8 1
75 9 1
75 10 1
75 11 7
75 12 13
75 13 1
75 14 24
75 15 6
75 16 14
75 17 2
75 18 2
75 19 2
75 20 14
75 21 1
75 22 31
75 23 16
75 24 1
75 25 31
75 26 19
75 27 1
75 28 5
75 29 19
75 30 1
75 31 19
75 32 5
75 33 1
75 34 5
75 35 1
75 36 5
75 37 1
75 38 1
75 39 1
75 40 1
76 1 1
76 2 1
76 3 1
76 4 1
76 5 1
76 6 1
76 7 1
76 8 1
76 9 2
76 10 5
76 11 19
76 12 2
76 13 5
76 14 19
76 15 5
76 16 5
76 17 19
76 18 5
76 19 19
76 20 5
76 21 2
76 22 24
76 23 2
76 24 2
76 25 24
76 26 1
76 27 1
76 28 1
76 29 1
76 30 1
76 31 1
76 32 1
76 33 1
76 34 1
76 35 1
76 36 1
76 37 1
76 38 1
76 39 1
76 40 1
77 1 1
77 2 19
77 3 5
77 4 1
77 5 1
77 6 5
77 7 1
77 8 1
77 9 5
77 10 1
77 11 1
77 12 5
77 13 2
77 14 2
77 15 5
77 16 2
77 17 5
77 18 19
77 19 1
77 20 11
77 21 3
77 22 0
77 23 0
77 24 13
77 25 1
77 26 5
77 27 19
77 28 1
77 29 19
77 30 2
77 31 3
77 32 0
77 33 13
77 34 2
77 35 2
77 36 5
77 37 1
77 38 5
77 39 0
77 40 0
78 1 13
78 2 1
78 3 4
78 4 0
78 5 1
78 6 5
78 7 19
78 8 5
78 9 1
78 10 1
78 11 31
78 12 3
78 13 1
78 14 1
78 15 10
78 16 0
78 17 31
78 18 3
78 19 0
78 20 19
78 21 1
78 22 30
78 23 16
78 24 1
78 25 31
78 26 2
78 27 5
78 28 1
78 29 5
78 30 5
78 31 1
78 32 5
78 33 19
78 34 5
78 35 19
78 36 5
78 37 1
78 38 1
78 39 1
78 40 1
79 1 1
79 2 1
79 3 1
79 4 1
79 5 1
79 6 1
79 7 1
79 8 1
79 9 1
79 10 2
79 11 2
79 12 4
79 13 19
79 14 5
79 15 2
79 16 19
79 17 5
79 18 2
79 19 2
79 20 5
79 21 2
79 22 19
79 23 5
79 24 1
79 25 1
79 26 1
79 27 1
79 28 1
79 29 1
79 30 1
79 31 1
79 32 1
79 33 1
79 34 1
79 35 1
79 36 1
79 37 1
79 38 1
79 39 1
79 40 1
80 1 5
80 2 1
80 3 5
80 4 19
80 5 5
80 6 19
80 7 5
80 8 19
80 9 5
80 10 19
80 11 5
80 12 1
80 13 5
80 14 1
80 15 19
80 16 1
80 17 5
80 18 1
80 19 5
80 20 1
80 21 1
80 22 1
80 23 1
80 24 1
80 25 1
80 26 5
80 27 1
80 28 5
80 29 1
80 30 5
80 31 1
80 32 1
80 33 1
80 34 24
80 35 1
80 36 19
80 37 5
80 38 1
80 39 1
80 40 1
81 1 1
81 2 24
81 3 4
81 4 3
81 5 19
81 6 5
81 7 1
81 8 1
81 9 31
81 10 0
81 11 3
81 12 19
81 13 1
81 14 4
81 15 19
81 16 1
81 17 2
81 18 3
81 19 1
81 20 5
81 21 1
81 22 6
81 23 3
81 24 0
81 25 12
81 26 1
81 27 19
81 28 5
81 29 19
81 30 1
81 31 19
81 32 5
81 33 1
81 34 1
81 35 5
81 36 19
81 37 1
81 38 1
81 39 1
81 40 1
82 1 1
82 2 1
82 3 1
82 4 1
82 5 1
82 6 1
82 7 1
82 8 1
82 9 1
82 10 1
82 11 1
82 12 2
82 13 2
82 14 2
82 15 2
82 16 2
82 17 2
82 18 2
82 19 2
82 20 2
82 21 19
82 22 5
82 23 1
82 24 1
82 25 1
82 26 1
82 27 1
82 28 1
82 29 1
82 30 1
82 31 1
82 32 1
82 33 1
82 34 1
82 35 1
82 36 1
82 37 1
82 38 1
82 39 1
82 40 1
83 1 19
83 2 5
83 3 1
83 4 1
83 5 5
83 6 1
83 7 1
83 8 5
83 9 1
83 10 5
83 11 1
83 12 19
83 13 5
83 14 1
83 15 5
83 16 1
83 17 19
83 18 5
83 19 19
83 20 5
83 21 19
83 22 5
83 23 1
83 24 5
83 25 19
83 26 1
83 27 19
83 28 5
83 29 19
83 30 5
83 31 1
83 32 5
83 33 24
83 34 19
83 35 5
83 36 1
83 37 5
83 38 19
83 39 1
83 40 5
84 1 1
84 2 19
84 3 1
84 4 1
84 5 5
84 6 1
84 7 19
84 8 5
84 9 1
84 10 1
84 11 1
84 12 1
84 13 5
84 14 19
84 15 1
84 16 5
84 17 1
84 18 1
84 19 1
84 20 5
84 21 19
84 22 1
84 23 24
84 24 1
84 25 1
84 26 4
84 27 1
84 28 1
84 29 5
84 30 1
84 31 5
84 32 1
84 33 19
84 34 5
84 35 1
84 36 5
84 37 1
84 38 1
84 39 1
84 40 1
85 1 1
85 2 1
85 3 1
85 4 1
85 5 1
85 6 1
85 7 1
85 8 1
85 9 1
85 10 1
85 11 1
85 12 1
85 13 1
85 14 1
85 15 4
85 16 4
85 17 19
85 18 24
85 19 1
85 20 1
85 21 1
85 22 1
85 23 1
85 24 1
85 25 1
85 26 1
85 27 1
85 28 1
85 29 1
85 30 1
85 31 1
85 32 1
85 33 1
85 34 1
85 35 1
85 36 1
85 37 1
85 38 1
85 39 1
85 40 1
86 1 5
86 2 1
86 3 19
86 4 5
86 5 19
86 6 5
86 7 19
86 8 1
86 9 19
86 10 5
86 11 1
86 12 5
86 13 19
86 14 5
86 15 19
86 16 5
86 17 1
86 18 5
86 19 1
86 20 1
86 21 5
86 22 19
86 23 5
86 24 1
86 25 5
86 26 5
86 27 1
86 28 5
86 29 1
86 30 5
86 31 19
86 32 1
86 33 5
86 34 1
86 35 5
86 36 19
86 37 1
86 38 5
86 39 1
86 40 19
87 1 5
87 2 5
87 3 5
87 4 19
87 5 1
87 6 5
87 7 1
87 8 5
87 9 19
87 10 1
87 11 5
87 12 19
87 13 1
87 14 5
87 15 1
87 16 4
87 17 1
87 18 5
87 19 19
87 20 1
87 21 5
87 22 5
87 23 1
87 24 4
87 25 19
87 26 5
87 27 19
87 28 5
87 29 19
87 30 5
87 31 19
87 32 5
87 33 1
87 34 5
87 35 19
87 36 1
87 37 19
87 38 1
87 39 1
87 40 1
88 1 1
88 2 1
88 3 1
88 4 1
88 5 1
88 6 1
88 7 1
88 8 1
88 9 1
88 10 1
88 11 1
88 12 1
88 13 1
88 14 1
88 15 1
88 16 1
88 17 1
88 18 1
88 19 1
88 20 1
88 21 1
88 22 1
88 23 1
88 24 1
88 25 1
88 26 1
88 27 1
88 28 1
88 29 1
88 30 1
88 31 1
88 32 1
88 33 1
88 34 1
88 35 1
88 36 1
88 37 1
88 38 1
88 39 1
88 40 1
89 1 1
89 2 2
89 3 1
89 4 5
89 5 1
89 6 1
89 7 5
89 8 5
89 9 1
89 10 19
89 11 5
89 12 1
89 13 1
89 14 5
89 15 1
89 16 5
89 17 19
89 18 1
89 19 2
89 20 1
89 21 1
89 22 5
89 23 19
89 24 1
89 25 19
89 26 1
89 27 19
89 28 5
89 29 19
89 30 1
89 31 5
89 32 19
89 33 5
89 34 19
89 35 1
89 36 5
89 37 1
89 38 19
89 39 5
89 40 1
90 1 5
90 2 19
90 3 1
90 4 5
90 5 1
90 6 19
90 7 5
90 8 1
90 9 5
90 10 1
90 11 5
90 12 1
90 13 5
90 14 19
90 15 5
90 16 19
90 17 5
90 18 19
90 19 5
90 20 1
90 21 19
90 22 1
90 23 19
90 24 5
90 25 1
90 26 1
90 27 5
90 28 1
90 29 1
90 30 5
90 31 1
90 32 1
90 33 19
90 34 5
90 35 1
90 36 5
90 37 1
90 38 1
90 39 1
90 40 1
91 1 1
91 2 1
91 3 1
91 4 1
91 5 1
91 6 1
91 7 1
91 8 1
91 9 1
91 10 1
91 11 1
91 12 1
91 13 1
91 14 1
91 15 1
91 16 1
91 17 1
91 18 1
91 19 1
91 20 1
91 21 1
91 22 1
91 23 1
91 24 1
91 25 1
91 26 1
91 27 1
91 28 1
91 29 1
91 30 1
91 31 1
91 32 1
91 33 1
91 34 1
91 35 1
91 36 1
91 37 1
91 38 1
91 39 1
91 40 1
92 1 5
92 2 1
92 3 19
92 4 1
92 5 5
92 6 19
92 7 1
92 8 19
92 9 5
92 10 1
92 11 5
92 12 19
92 13 5
92 14 19
92 15 1
92 16 1
92 17 5
92 18 1
92 19 1
92 20 2
92 21 1
92 22 1
92 23 5
92 24 5
92 25 1
92 26 5
92 27 5
92 28 1
92 29 5
92 30 1
92 31 5
92 32 1
92 33 1
92 34 5
92 35 1
92 36 19
92 37 5
92 38 1
92 39 5
92 40 19
93 1 1
93 2 5
93 3 1
93 4 19
93 5 5
93 6 1
93 7 19
93 8 5
93 9 19
93 10 1
93 11 19
93 12 5
93 13 1
93 14 5
93 15 1
93 16 1
93 17 5
93 18 1
93 19 1
93 20 5
93 21 5
93 22 1
93 23 5
93 24 1
93 25 19
93 26 5
93 27 19
93 28 5
93 29 19
93 30 1
93 31 5
93 32 19
93 33 5
93 34 1
93 35 19
93 36 5
93 37 1
93 38 1
93 39 1
93 40 1
94 1 1
94 2 1
94 3 1
94 4 1
94 5 1
94 6 1
94 7 1
94 8 1
94 9 1
94 10 1
94 11 1
94 12 1
94 13 1
94 14 1
94 15 1
94 16 1
94 17 1
94 18 1
94 19 1
94 20 1
94 21 1
94 22 1
94 23 1
94 24 1
94 25 1
94 26 1
94 27 1
94 28 1
94 29 1
94 30 1
94 31 1
94 32 1
94 33 1
94 34 1
94 35 1
94 36 1
94 37 1
94 38 1
94 39 1
94 40 1
95 1 19
95 2 5
95 3 1
95 4 5
95 5 19
95 6 5
95 7 1
95 8 5
95 9 1
95 10 19
95 11 5
95 12 1
95 13 1
95 14 5
95 15 19
95 16 5
95 17 19
95 18 5
95 19 1
95 20 19
95 21 5
95 22 19
95 23 1
95 24 19
95 25 5
95 26 19
95 27 1
95 28 19
95 29 5
95 30 19
95 31 1
95 32 2
95 33 1
95 34 19
95 35 5
95 36 1
95 37 5
95 38 19
95 39 5
95 40 1
96 1 5
96 2 19
96 3 5
96 4 1
96 5 5
96 6 5
96 7 1
96 8 5
96 9 1
96 10 5
96 11 1
96 12 19
96 13 5
96 14 19
96 15 5
96 16 19
96 17 1
96 18 5
96 19 19
96 20 1
96 21 19
96 22 5
96 23 19
96 24 5
96 25 1
96 26 5
96 27 1
96 28 1
96 29 5
96 30 19
96 31 5
96 32 1
96 33 5
96 34 1
96 35 5
96 36 19
96 37 5
96 38 1
96 39 1
96 40 1
97 1 1
97 2 1
97 3 1
97 4 1
97 5 1
97 6 1
97 7 1
97 8 1
97 9 1
97 10 1
97 11 1
97 12 1
97 13 1
97 14 1
97 15 1
97 16 1
97 17 1
97 18 1
97 19 1
97 20 1
97 21 1
97 22 1
97 23 1
97 24 1
97 25 1
97 26 1
97 27 1
97 28 1
97 29 1
97 30 1
97 31 1
97 32 1
97 33 1
97 34 1
97 35 1
97 36 1
97 37 1
97 38 1
97 39 1
97 40 1
98 1 1
98 2 5
98 3 19
98 4 1
98 5 5
98 6 1
98 7 5
98 8 19
98 9 5
98 10 1
98 11 5
98 12 19
98 13 5
98 14 1
98 15 5
98 16 1
98 17 1
98 18 19
98 19 5
98 20 1
98 21 5
98 22 1
98 23 5
98 24 1
98 25 5
98 26 1
98 27 5
98 28 1
98 29 1
98 30 5
98 31 1
98 32 1
98 33 5
98 34 1
98 35 5
98 36 19
98 37 5
98 38 1
98 39 1
98 40 5
99 1 19
99 2 1
99 3 5
99 4 19
99 5 1
99 6 19
99 7 5
99 8 19
99 9 1
99 10 19
99 11 5
99 12 1
99 13 5
99 14 1
99 15 1
99 16 5
99 17 19
99 18 1
99 19 5
99 20 5
99 21 1
99 22 5
99 23 1
99 24 5
99 25 19
99 26 1
99 27 5
99 28 19
99 29 5
99 30 1
99 31 1
99 32 5
99 33 19
99 34 5
99 35 1
99 36 5
99 37 1
99 38 1
99 39 1
99 40 1
100 1 1
100 2 1
100 3 1
100 4 1
100 5 1
100 6 1
100 7 1
100 8 1
100 9 1
100 10 1
100 11 1
100 12 1
100 13 1
100 14 1
100 15 1
100 16 1
100 17 1
100 18 1
100 19 1
100 20 1
100 21 1
100 22 1
100 23 1
100 24 1
100 25 1
100 26 1
100 27 1
100 28 1
100 29 1
100 30 1
100 31 1
100 32 1
100 33 1
100 34 1
100 35 1
100 36 1
100 37 1
100 38 1
100 39 1
100 40 1
101 1 5
101 2 19
101 3 5
101 4 1
101 5 5
101 6 19
101 7 1
101 8 5
101 9 1
101 10 19
101 11 1
101 12 5
101 13 1
101 14 19
101 15 5
101 16 19
101 17 5
101 18 1
101 19 5
101 20 19
101 21 1
101 22 5
101 23 19
101 24 5
101 25 19
101 26 1
101 27 19
101 28 5
101 29 19
101 30 5
101 31 19
101 32 5
101 33 19
101 34 5
101 35 1
101 36 5
101 37 1
101 38 19
101 39 5
101 40 1
102 1 5
102 2 1
102 3 1
102 4 5
102 5 1
102 6 5
102 7 1
102 8 5
102 9 5
102 10 1
102 11 5
102 12 19
102 13 1
102 14 5
102 15 19
102 16 1
102 17 5
102 18 5
102 19 19
102 20 1
102 21 19
102 22 5
102 23 19
102 24 1
102 25 5
102 26 19
102 27 5
102 28 1
102 29 1
102 30 2
102 31 1
102 32 19
102 33 1
102 34 5
102 35 19
102 36 1
102 37 1
102 38 1
102 39 1
102 40 1
103 1 1
103 2 1
103 3 1
103 4 1
103 5 1
103 6 1
103 7 1
103 8 1
103 9 1
103 10 1
103 11 1
103 12 1
103 13 1
103 14 1
103 15 1
103 16 1
103 17 1
103 18 1
103 19 1
103 20 1
103 21 1
103 22 1
103 23 1
103 24 1
103 25 1
103 26 1
103 27 1
103 28 1
103 29 1
103 30 1
103 31 1
103 32 1
103 33 1
103 34 1
103 35 1
103 36 1
103 37 1
103 38 1
103 39 1
103 40 1
104 1 1
104 2 1
104 3 5
104 4 19
104 5 1
104 6 5
104 7 1
104 8 19
104 9 5
104 10 5
104 11 1
104 12 19
104 13 5
104 14 1
104 15 5
104 16 1
104 17 5
104 18 19
104 19 1
104 20 5
104 21 1
104 22 19
104 23 5
104 24 1
104 25 5
104 26 1
104 27 5
104 28 1
104 29 5
104 30 1
104 31 5
104 32 1
104 33 1
104 34 19
104 35 5
104 36 19
104 37 5
104 38 1
104 39 5
104 40 19
105 1 1
105 2 2
105 3 1
105 4 19
105 5 5
105 6 19
105 7 1
105 8 19
105 9 1
105 10 19
105 11 5
105 12 1
105 13 5
105 14 19
105 15 5
105 16 1
105 17 19
105 18 1
105 19 5
105 20 1
105 21 5
105 22 1
105 23 5
105 24 1
105 25 5
105 26 1
105 27 1
105 28 2
105 29 1
105 30 1
105 31 5
105 32 5
105 33 1
105 34 19
105 35 5
105 36 5
105 37 1
105 38 1
105 39 1
105 40 1
106 1 1
106 2 1
106 3 1
106 4 1
106 5 1
106 6 1
106 7 1
106 8 1
106 9 1
106 10 1
106 11 1
106 12 1
106 13 1
106 14 1
106 15 1
106 16 1
106 17 1
106 18 1
106 19 1
106 20 1
106 21 1
106 22 1
106 23 1
106 24 1
106 25 1
106 26 1
106 27 1
106 28 1
106 29 1
106 30 1
106 31 1
106 32 1
106 33 1
106 34 1
106 35 1
106 36 1
106 37 1
106 38 1
106 39 1
106 40 1
107 1 1
107 2 5
107 3 19
107 4 5
107 5 1
107 6 19
107 7 5
107 8 1
107 9 5
107 10 19
107 11 5
107 12 1
107 13 5
107 14 19
107 15 1
107 16 19
107 17 1
107 18 5
107 19 1
107 20 2
107 21 1
107 22 5
107 23 1
107 24 19
107 25 5
107 26 19
107 27 5
107 28 19
107 29 1
107 30 19
107 31 5
107 32 19
107 33 5
107 34 1
107 35 5
107 36 1
107 37 1
107 38 19
107 39 5
107 40 1
108 1 5
108 2 1
108 3 5
108 4 1
108 5 5
108 6 1
108 7 5
108 8 5
108 9 1
108 10 5
108 11 1
108 12 19
108 13 5
108 14 1
108 15 5
108 16 1
108 17 5
108 18 1
108 19 19
108 20 5
108 21 19
108 22 1
108 23 19
108 24 5
108 25 19
108 26 5
108 27 1
108 28 1
108 29 2
108 30 1
108 31 19
108 32 1
108 33 5
108 34 1
108 35 1
108 36 19
108 37 1
108 38 1
108 39 1
108 40 1
109 1 1
109 2 1
109 3 1
109 4 1
109 5 1
109 6 1
109 7 1
109 8 1
109 9 1
109 10 1
109 11 1
109 12 1
109 13 1
109 14 1
109 15 1
109 16 1
109 17 1
109 18 1
109 19 1
109 20 1
109 21 1
109 22 1
109 23 1
109 24 1
109 25 1
109 26 1
109 27 1
109 28 1
109 29 1
109 30 1
109 31 1
109 32 1
109 33 1
109 34 1
109 35 1
109 36 1
109 37 1
109 38 1
109 39 1
109 40 1
110 1 1
110 2 1
110 3 1
110 4 1
110 5 5
110 6 5
110 7 19
110 8 5
110 9 1
110 10 1
110 11 5
110 12 19
110 13 1
110 14 5
110 15 5
110 16 5
110 17 1
110 18 2
110 19 1
110 20 1
110 21 5
110 22 19
110 23 5
110 24 1
110 25 5
110 26 1
110 27 1
110 28 5
110 29 5
110 30 1
110 31 5
110 32 1
110 33 5
110 34 19
110 35 1
110 36 2
110 37 1
110 38 5
110 39 1
110 40 19
111 1 5
111 2 19
111 3 1
111 4 19
111 5 5
111 6 19
111 7 1
111 8 19
111 9 5
111 10 19
111 11 5
111 12 1
111 13 5
111 14 19
111 15 1
111 16 2
111 17 1
111 18 5
111 19 5
111 20 1
111 21 5
111 22 5
111 23 1
111 24 5
111 25 1
111 26 19
111 27 5
111 28 19
111 29 1
111 30 5
111 31 5
111 32 19
111 33 5
111 34 19
111 35 5
111 36 1
111 37 1
111 38 1
111 39 1
111 40 1
112 1 1
112 2 1
112 3 1
112 4 1
112 5 1
112 6 1
112 7 1
112 8 1
112 9 1
112 10 1
112 11 1
112 12 1
112 13 1
112 14 1
112 15 1
112 16 1
112 17 1
112 18 1
112 19 1
112 20 1
112 21 1
112 22 1
112 23 1
112 24 1
112 25 1
112 26 1
112 27 1
112 28 1
112 29 1
112 30 1
112 31 1
112 32 1
112 33 1
112 34 1
112 35 1
112 36 1
112 37 1
112 38 1
112 39 1
112 40 1
113 1 1
113 2 1
113 3 1
113 4 5
113 5 19
113 6 1
113 7 1
113 8 5
113 9 19
113 10 5
113 11 1
113 12 5
113 13 1
113 14 19
113 15 1
113 16 19
113 17 1
113 18 1
113 19 5
113 20 19
113 21 1
113 22 5
113 23 1
113 24 19
113 25 1
113 26 5
113 27 19
113 28 1
113 29 19
113 30 5
113 31 1
113 32 19
113 33 1
113 34 5
113 35 1
113 36 1
113 37 5
113 38 19
113 39 5
113 40 1
114 1 1
114 2 5
114 3 5
114 4 1
114 5 5
114 6 1
114 7 5
114 8 1
114 9 5
114 10 1
114 11 5
114 12 19
114 13 1
114 14 5
114 15 1
114 16 1
114 17 19
114 18 1
114 19 19
114 20 5
114 21 19
114 22 1
114 23 19
114 24 1
114 25 5
114 26 1
114 27 5
114 28 1
114 29 5
114 30 19
114 31 1
114 32 1
114 33 1
114 34 1
114 35 1
114 36 1
114 37 1
114 38 1
114 39 1
114 40 1
115 1 1
115 2 1
115 3 1
115 4 1
115 5 1
115 6 1
115 7 1
115 8 1
115 9 1
115 10 1
115 11 1
115 12 1
115 13 1
115 14 1
115 15 1
115 16 1
115 17 1
115 18 1
115 19 1
115 20 1
115 21 1
115 22 1
115 23 1
115 24 1
115 25 1
115 26 1
115 27 1
115 28 1
115 29 1
115 30 1
115 31 1
115 32 1
115 33 1
115 34 1
115 35 1
115 36 1
115 37 1
115 38 1
115 39 1
115 40 1
116 1 1
116 2 1
116 3 1
116 4 1
116 5 1
116 6 1
116 7 1
116 8 1
116 9 1
116 10 1
116 11 1
116 12 1
116 13 1
116 14 1
116 15 1
116 16 1
116 17 1
116 18 1
116 19 1
116 20 1
116 21 1
116 22 1
116 23 1
116 24 1
116 25 1
116 26 1
116 27 1
116 28 1
116 29 1
116 30 1
116 31 1
116 32 1
116 33 1
116 34 1
116 35 1
116 36 1
116 37 1
116 38 1
116 39 1
116 40 1
117 1 1
117 2 1
117 3 1
117 4 1
117 5 1
117 6 1
117 7 1
117 8 1
117 9 1
117 10 1
117 11 1
117 12 1
117 13 1
117 14 1
117 15 1
117 16 1
117 17 1
117 18 1
117 19 1
117 20 1
117 21 1
117 22 1
117 23 1
117 24 1
117 25 1
117 26 1
117 27 1
117 28 1
117 29 1
117 30 1
117 31 1
117 32 1
117 33 1
117 34 1
117 35 1
117 36 1
117 37 1
117 38 1
117 39 1
117 40 1
118 1 1
118 2 1
118 3 1
118 4 1
118 5 1
118 6 1
118 7 1
118 8 1
118 9 1
118 10 1
118 11 1
118 12 1
118 13 1
118 14 1
118 15 1
118 16 1
118 17 1
118 18 1
118 19 1
118 20 1
118 21 1
118 22 1
118 23 1
118 24 1
118 25 1
118 26 1
118 27 1
118 28 1
118 29 1
118 30 1
118 31 1
118 32 1
118 33 1
118 34 1
118 35 1
118 36 1
118 37 1
118 38 1
118 39 1
118 40 1
119 1 1
119 2 1
119 3 1
119 4 1
119 5 1
119 6 1
119 7 1
119 8 1
119 9 1
119 10 1
119 11 1
119 12 1
119 13 1
119 14 1
119 15 1
119 16 1
119 17 1
119 18 1
119 19 1
119 20 1
119 21 1
119 22 1
119 23 1
119 24 1
119 25 1
119 26 1
119 27 1
119 28 1
119 29 1
119 30 1
119 31 1
119 32 1
119 33 1
119 34 1
119 35 1
119 36 1
119 37 1
119 38 1
119 39 1
119 40 1
120 1 1
120 2 1
120 3 1
120 4 1
120 5 1
120 6 1
120 7 1
120 8 1
120 9 1
120 10 1
120 11 1
120 12 1
120 13 1
120 14 1
120 15 1
120 16 1
120 17 1
120 18 1
120 19 1
120 20 1
120 21 1
120 22 1
120 23 1
120 24 1
120 25 1
120 26 1
120 27 1
120 28 1
120 29 1
120 30 1
120 31 1
120 32 1
120 33 1
120 34 1
120 35 1
120 36 1
120 37 1
120 38 1
120 39 1
120 40 1
